727
767
636
71
1271
10
526
743
607
671
1249
1
886
110
517
639
616
82
391
212
583
601
583
601
583
601
583
601
778
232
368
141
250
147
210
183
815
181
818
176
819
171
1043
311
364
127
906
120
674
554
674
554
544
448
498
502
661
556
605
576
645
593
645
609
640
625
657
546
658
559
748
600
686
587
658
605
714
558
810
380
1110
274
993
541
348
479
286
173
856
203
1059
36
355
218
843
201
994
240
417
226
253
213
838
210
1064
194
249
211
846
202
1029
280
720
751
498
343
637
69
635
64
859
116
1331
37
735
83
679
102
301
266
217
267
420
767
1213
365
887
373
850
393
724
365
1239
0
349
193
349
193
413
750
413
746
411
743
1011
359
1003
373
520
759
494
51
649
67
670
115
291
358
534
210
290
382
